Data for s002 
latitude: 68.632100 
longitude: -131.755200
